221.0079184101782346
97.2676719162127341
96.7290028895160248
212.6781606089351158
174.7440986128000873
195.4047082339624808
10.1242283656582934
26.2678510731273960
50.0000000000000000
211.8950211779408335
162.4930767755968191
220.0261348112991868
182.1441736647099106
196.0229578391265761
70.9753478328919556
27.5771644662753523
99.3050854689728340
187.9747323445361360
73.0787246741484893
168.8238727194705859
202.0915634062936306
161.9243650597401540
119.4152419082254397
210.6300073588756163
97.1699542039616233
165.3193878527258391
94.1620942842713049
154.3907380641727514
221.4904061127705006
215.5655352787175048
213.4513996206162290
173.1935333665780945
215.1848042962141960
215.3125634978135565
220.5538483001373606
131.7459676802291995
187.9042309262886192
101.3138687446096924
173.3709894993969272
153.3998044327306047
170.5549764738631211
105.8371390391860558
164.3228529450483961
88.6199751749006026
146.9523732370457481
221.2600280213305837
196.5705980048898311
189.4439231012702578
128.2984801157051891
149.8866238194723053
202.8743453470645193
152.9460689262721758
53.3947562968499767
166.0873264279969135
197.8787507540918398
42.1366823563507396
117.9279441014724057
199.0602923739438381
163.4242943995781729
175.5178053645840350
193.4735123989844681
28.8790581563873019
217.4810336558110180
206.7401750990842118
64.8999229583518087
161.0543386562436012
193.1333736048744072
195.1883705552151866
174.4118688621849458
106.1084351029643642
192.4292077622313570
111.8883371938291020
139.8248904880672399
21.1305466091154379
71.9478978150161055
223.1479329951321802
189.6879015646490814
218.7749985715918228
127.4107530783803242
118.0508365069896541
178.2287855538492920
205.6988089416173580
199.5995991979943938
202.4450542739930654
191.1962342725400106
166.4752233817393119
174.6210182080038180
106.5973733259877321
180.8480024772184152
111.1103055526353955
217.4465451553553521
216.1654458973496560
125.0599856069078584
207.3897297360696257
120.3266387796152088
145.9366300830603791
131.8332279814159733
95.9687449120806235
73.7122784887294102
145.7429243565532317
