223.3047245357786892
91.8286447683945681
91.2633551870628992
210.2462841526574948
179.9763873401174692
198.0063130306708103
219.7873972729100842
41.4427315702042023
192.8406077567689181
200.2885418589890207
173.9195216184773187
222.3510737549967473
52.2446169475860955
168.9763297033048843
146.4564781769655895
119.7205078505767091
154.9774177098069856
59.5650904473417242
173.9827577663947693
217.6889983439677678
200.6925509330129671
75.0433208220425172
163.6047065337669437
98.5925960709017914
213.9485919561051901
201.7857774968295530
177.6400855662932941
153.9236823883836394
115.2649122673504678
140.2087729066908253
109.2520022699813040
80.5822561113797491
98.6002028395479471
58.8472599192179899
153.4405422305330546
71.4597788969431349
135.6060470628061694
202.9753679637014443
169.1035185914237502
221.2227384334621263
165.8704313613490342
32.5422801905459593
168.1591508066094036
217.2061233022678834
46.7867502611583390
179.8374265830113643
172.8496456461510888
131.2935641987070028
158.5433694608513235
179.6886195617296096
194.3077455996028959
179.6190413068725888
204.8169914826404181
172.0130808979363621
204.0759662478656367
201.9083950706359190
163.8993593642147175
159.8702598984564247
103.5350182305484452
162.9693222664928385
159.9593698412193703
89.6297941535067935
43.6577599058861452
175.1142484208523911
91.0054943396276457
131.9014783844366150
170.8215443086731966
87.6070773396761524
107.3033084298895261
47.1646053730973165
10.2956301409870008
102.0000000000000000
202.3746525630124324
86.7092843933104973
164.3684884641822066
149.0805151587557305
57.4064456311310067
154.1849538703436622
128.0136711449210907
29.4533529500462805
197.6929437283991717
97.2933707916423316
156.8183662713012723
124.1893715259079585
178.0449381476485655
103.4432211408751527
129.1510743277035260
144.9603394035761710
194.8486592204318981
193.3830395872399208
199.3150772019016017
111.3575323002445145
214.2743568418769087
175.6573368806438395
157.7878322304986796
146.8400490329528623
192.8419041598583590
145.9263512872161073
20.5426385841741386
203.3408468557166202
